strategic_region={
	id=100
	name="STRATEGICREGION_100"
	provinces={
		43 164 207 304 452 487 522 532 572 840 934 966 1061 1070 1108 1148 1243 1318 1437 1637 1667 1672 1747 2034 2048 2083 2090 2170 2272 2574 2607 2761 2866 3038 3101 3128 3244 3360 3366 3373 3378 3478 3519 3531 3786 3815 3817 3876 3994 4167 4199 4206 4408 5321 5330 5335 5344 5351 5410 5417 5425 5436 5450 5476 5484 5504 5511 5528 5543 7941 7966 7968 7970 7971 7972 7974 7975 7976 7977 7982 
	}
	weather={
		period={
			between={ 0.0 30.11 }
			temperature={ 10.0 24.0 }
			no_phenomenon=0.000
			rain_light=0.000
			rain_heavy=1.000
			snow=0.000
			blizzard=0.000
			arctic_water=0.000
			mud=0.000
			sandstorm=0.000
			min_snow_level=0.000
		}
	}
}
