strategic_region={
	id=108
	name="STRATEGICREGION_108"
	provinces={
		37 41 78 109 212 233 358 460 576 622 662 667 686 711 717 773 774 821 888 1033 1093 1099 1156 1184 1259 1261 1262 1321 1334 1474 1498 1591 1612 1626 1645 1669 1720 1724 1810 1812 1843 1863 1874 1909 1980 2006 2122 2359 2365 2460 2462 2470 2479 2527 2536 2553 2737 2862 2874 2899 2912 3026 3124 3137 3149 3262 3273 3297 3336 3342 3380 3443 3467 3529 3556 3572 3594 3614 3622 3649 3670 3697 3727 3762 3781 3802 3821 3847 3941 4009 4039 4123 4136 4165 4191 4252 4257 4274 4283 4386 4396 4420 4439 4752 4778 4790 4799 4805 4816 4827 4832 4845 4850 4855 4862 4865 4868 4869 4872 4874 4882 4885 4886 4892 4893 4894 4895 4897 4899 4902 4907 4908 4910 4918 4920 4922 4923 4924 4931 4939 4942 4943 4954 4955 4967 4969 4973 4980 4982 4986 4993 4994 5023 5025 5029 5040 
	}
	weather={
		period={
			between={ 0.0 30.11 }
			temperature={ 25.0 45.0 }
			no_phenomenon=0.400
			rain_light=0.000
			rain_heavy=0.000
			snow=0.000
			blizzard=0.000
			arctic_water=0.000
			mud=0.000
			sandstorm=0.600
			min_snow_level=0.000
		}
	}
}
