strategic_region={
	id=3
	name="STRATEGICREGION_3"
	provinces={
		8 31 143 145 146 200 213 215 231 249 254 271 274 300 307 318 335 346 431 448 469 480 518 540 543 546 556 561 649 681 715 727 765 766 767 787 826 841 842 873 879 881 898 899 913 928 930 988 999 1005 1006 1039 1060 1079 1098 1129 1164 1177 1200 1245 1263 1266 1296 1316 1354 1378 1383 1394 1423 1430 1439 1454 1457 1488 1521 1596 1624 1632 1636 1701 1709 1725 1739 1759 1761 1808 1831 1841 1851 1855 1861 1920 1982 1997 2014 2069 2077 2085 2139 2145 2163 2171 2190 2207 2215 2239 2278 2280 2310 2340 2351 2363 2367 2373 2374 2377 2383 2385 2387 2419 2432 2464 2492 2511 2513 2524 2525 2526 2547 2549 2582 2608 2634 2653 2680 2682 2683 2685 2699 2701 2716 2724 2747 2754 2813 2827 2845 2853 2856 2870 2886 2916 2930 2936 2976 2983 2999 3061 3069 3071 3085 3111 3118 3120 3123 3133 3147 3161 3164 3178 3200 3208 3257 3261 3271 3278 3282 3300 3313 3316 3325 3358 3382 3392 3413 3420 3450 3460 3489 3532 3533 3564 3565 3588 3591 3611 3615 3645 3651 3660 3705 3709 3741 3749 3758 3800 3813 3825 3828 3832 3845 3849 3855 3858 3860 3866 3871 3887 3903 3914 3924 3925 3931 3938 3944 3955 3957 4002 4011 4022 4045 4048 4051 4063 4073 4077 4082 4091 4099 4106 4116 4170 4173 4183 4195 4200 4201 4203 4207 4211 4212 4239 4265 4271 4273 4278 4288 4295 4302 4304 4309 4320 4322 4385 4398 4417 4421 4436 4438 4504 4505 4506 4512 4513 4514 4517 4519 4524 4525 4526 4527 4529 4532 4535 4537 4539 4543 4544 4545 4546 4547 4551 4552 4553 4555 4557 4562 4565 4569 4570 4571 4572 4577 4578 4580 4586 4590 4591 4597 4598 4602 4605 4608 4609 4614 4615 4619 4620 4622 4623 4625 4626 4627 4629 4634 4637 4638 4639 4641 4644 4645 4646 4647 4648 4649 4652 4654 4656 4657 4659 4663 4664 4665 4666 4667 4668 4669 4670 4677 4680 4681 4683 4684 4685 4686 4687 4692 4694 4696 4697 4700 4701 4705 4706 4708 4709 4713 4714 4715 4717 4718 4722 4723 4731 4734 4735 4738 4739 4740 4741 4742 4743 4744 4745 4748 4750 4755 4757 4759 4760 4761 4762 4767 4768 4771 4772 4775 4777 4784 4785 4788 4794 4795 4796 4797 4800 4801 4806 4807 4811 4815 4823 4824 4833 4834 4835 4837 4843 4870 4875 4879 4883 4887 4890 4891 6479 
	}
	weather={
		period={
			between={ 0.0 30.11 }
			temperature={ 22.0 35.0 }
			no_phenomenon=0.400
			rain_light=0.000
			rain_heavy=0.000
			snow=0.000
			blizzard=0.000
			arctic_water=0.000
			mud=0.000
			sandstorm=0.600
			min_snow_level=0.000
		}
	}
}
