strategic_region={
	id=32
	name="STRATEGICREGION_32"
	provinces={
		23 111 130 138 173 244 308 378 456 477 496 526 633 668 672 725 796 825 900 947 1024 1077 1082 1116 1187 1229 1250 1365 1390 1506 1522 1595 1656 1824 1908 1933 1979 2063 2141 2159 2243 2487 2512 2529 2696 2875 2944 2993 3151 3312 3411 3511 3771 3777 3810 3853 3902 3961 3996 4133 4142 4221 4240 4243 4260 4442 4445 4450 4451 4452 4454 4459 4463 4465 4466 4468 4470 4474 4476 4483 4488 4489 4491 4502 4503 4508 4515 4516 4523 4536 4540 4554 4560 4566 6464 6465 6468 7943 7946 7947 7948 7949 7950 
	}
	weather={
		period={
			between={ 0.0 30.11 }
			temperature={ 2.0 13.0 }
			no_phenomenon=0.650
			rain_light=0.250
			rain_heavy=0.100
			snow=0.000
			blizzard=0.000
			arctic_water=0.000
			mud=0.000
			sandstorm=0.000
			min_snow_level=0.000
		}
	}
}
