strategic_region={
	id=37
	name="STRATEGICREGION_37"
	provinces={
		63 227 246 410 623 632 666 991 1145 1226 1244 1368 1386 1556 1586 1599 1605 1682 1898 2026 2068 2188 2232 2265 2571 2732 2763 2824 3229 3251 3296 3346 3372 3432 3498 3577 3759 3950 3997 4228 4269 4351 5212 5224 5248 5264 5280 5298 5303 5345 5367 5373 5389 5401 5408 5430 5448 6555 6567 6572 6587 
	}
	weather={
		period={
			between={ 0.0 30.11 }
			temperature={ 12.0 27.0 }
			no_phenomenon=0.450
			rain_light=0.250
			rain_heavy=0.300
			snow=0.000
			blizzard=0.000
			arctic_water=0.000
			mud=0.000
			sandstorm=0.000
			min_snow_level=0.000
		}
	}
}
