strategic_region={
	id=39
	name="STRATEGICREGION_39"
	provinces={
		107 223 262 303 321 334 691 804 806 949 960 1191 1269 1311 1441 1447 1602 1751 1776 1785 2130 2228 2249 2348 2378 2615 2670 2759 2788 3014 3022 3083 3171 3237 3287 3343 3435 3479 3634 3695 3701 3778 3806 3890 4250 4366 5062 5110 5123 5159 5164 5177 5185 5192 5211 5216 5219 5232 5234 5259 5276 5290 5320 6533 6535 6541 6556 6564 6574 6576 6579 7956 7958 
	}
	weather={
		period={
			between={ 0.0 30.11 }
			temperature={ 10.0 26.0 }
			no_phenomenon=0.550
			rain_light=0.350
			rain_heavy=0.100
			snow=0.000
			blizzard=0.000
			arctic_water=0.000
			mud=0.000
			sandstorm=0.000
			min_snow_level=0.000
		}
	}
}
