strategic_region={
	id=40
	name="STRATEGICREGION_40"
	provinces={
		94 135 237 620 1016 1312 1563 1570 1803 1871 2222 2254 2491 2508 2798 2815 2937 3035 3052 3122 3173 3188 3334 3355 3393 3417 3502 3516 3607 3930 3954 4027 4259 4341 5356 5370 5394 5403 5411 5413 5422 5424 5427 5431 5441 5442 5444 5447 5453 5461 5462 5467 5469 5473 5478 5482 5496 6594 6595 6596 6598 6602 7969 7973 7979 7980 6570 6566 6550 6551 
	}
	weather={
		period={
			between={ 0.0 30.11 }
			temperature={ 18.0 24.0 }
			no_phenomenon=0.550
			rain_light=0.350
			rain_heavy=0.100
			snow=0.000
			blizzard=0.000
			arctic_water=0.000
			mud=0.000
			sandstorm=0.000
			min_snow_level=0.000
		}
	}
}
