strategic_region={
	id=43
	name="STRATEGICREGION_43"
	provinces={
		129 241 316 582 635 673 857 859 863 886 909 1065 1185 1280 1295 1343 1449 1462 1517 1520 1717 1756 1839 2187 2208 2657 2667 2942 2985 3009 3140 3349 3399 3434 3444 3512 3593 3617 3637 3683 3738 4261 4332 4699 4711 4716 4727 4732 4746 4749 4754 4782 4786 4789 4791 4802 4813 4828 4839 4842 4861 4904 4916 4930 
	}
	weather={
		period={
			between={ 0.0 30.11 }
			temperature={ 24.0 32.0 }
			no_phenomenon=0.200
			rain_light=0.000
			rain_heavy=0.000
			snow=0.000
			blizzard=0.000
			arctic_water=0.000
			mud=0.000
			sandstorm=0.800
			min_snow_level=0.000
		}
	}
}
