strategic_region={
	id=61
	name="STRATEGICREGION_61"
	provinces={
		6639 6646 6653 6658 6668 6669 6670 6676 6698 6702 6711 6714 6715 6718 6720 6730 6731 6733 6753 6777 6783 6790 6798 6802 6806 6813 6815 6818 6822 6829 6831 6836 6855 6867 6876 6882 6884 6911 6927 6940 6951 6965 6970 6971 6993 7015 7020 7022 7054 7055 7067 7099 7114 7120 7124 7136 7147 7149 7163 7167 7181 7183 7210 7235 7270 7272 7273 7288 7301 7308 7353 7355 7358 7389 7468 7483 7536 7537 7554 7592 7614 7620 7632 7634 7714 7736 7742 7796 7808 7827 7833 7858 
	}
	
	naval_terrain = water_deep_ocean

	weather={
	}
}
