strategic_region={
	id=63
	name="STRATEGICREGION_63"
	provinces={
		6643 6647 6649 6652 6663 6667 6681 6685 6693 6704 6712 6726 6735 6740 6741 6743 6746 6750 6763 6764 6768 6771 6775 6782 6786 6796 6803 6833 6834 6847 6862 6863 6868 6874 6875 6888 6894 6908 6926 6983 6984 6988 6996 7008 7010 7016 7023 7026 7032 7033 7042 7062 7071 7089 7106 7118 7126 7139 7140 7141 7160 7189 7214 7221 7254 7277 7303 7309 7324 7382 7395 7402 7416 7455 7473 7524 7526 7571 7579 7638 7677 7750 7754 7776 7782 7856 7857 7859 7868 7870 7881 7894 7906 7918 7931 7934 
	}
	
	naval_terrain = water_deep_ocean

	weather={
	}
}
