strategic_region={
	id=68
	name="STRATEGICREGION_68"
	provinces={
		15 45 60 202 290 420 497 527 597 969 1021 1107 1173 1276 1314 1350 1418 1440 1465 1513 1572 1619 1691 1705 1741 1770 1788 1797 1867 1893 1914 1925 2015 2043 2071 2089 2111 2151 2236 2294 2322 2334 2441 2602 2668 2729 2900 2931 2957 2974 2979 3079 3365 3395 3403 3582 3603 3610 3816 3823 3906 3983 4059 4612 4618 4628 4631 4632 4655 4661 4671 4675 4690 4691 4693 4703 4704 4707 4710 4729 4730 4756 4758 4764 4766 4769 4773 4783 4793 4814 4820 4836 6536 6537 6554 6581 6582 6585 6586 6588 6568 6575 6584 6583 6560 6542 6543 6600 6601 6591 6592 6589 6571 6577 6569 6552 
	}
	weather={
		period={
			between={ 0.0 30.11 }
			temperature={ 15.0 28.0 }
			no_phenomenon=0.700
			rain_light=0.100
			rain_heavy=0.000
			snow=0.000
			blizzard=0.000
			arctic_water=0.000
			mud=0.000
			sandstorm=0.200
			min_snow_level=0.000
		}
	}
}
