strategic_region={
	id=69
	name="STRATEGICREGION_69"
	provinces={
		16 50 84 89 174 312 338 352 442 577 612 710 784 819 932 940 942 972 1003 1073 1139 1178 1270 1284 1285 1294 1302 1443 1519 1544 1561 1603 1780 1845 1948 2098 2181 2189 2246 2307 2314 2342 2345 2522 2567 2616 2619 2633 2745 2760 2803 2891 2958 3144 3280 3428 3454 3469 3530 3663 3676 3677 3693 3773 3885 3982 4008 4021 4100 4146 4213 4275 4423 4446 4447 4449 4453 4456 4458 4460 4464 4469 4471 4472 4477 4478 4480 4481 4482 4486 4494 4495 4496 4498 4499 4501 4511 4520 4528 4541 4559 4567 4585 4596 4603 4613 
	}
	weather={
		period={
			between={ 0.0 30.11 }
			temperature={ 9.0 24.0 }
			no_phenomenon=0.550
			rain_light=0.350
			rain_heavy=0.100
			snow=0.000
			blizzard=0.000
			arctic_water=0.000
			mud=0.000
			sandstorm=0.000
			min_snow_level=0.000
		}
	}
}
