strategic_region={
	id=70
	name="STRATEGICREGION_70"
	provinces={
		22 222 329 333 372 454 483 501 505 520 567 640 652 680 762 836 849 870 893 920 971 1013 1049 1444 1453 1540 1598 1642 1684 1704 1711 1758 1815 1835 1895 1934 1970 2175 2244 2274 2275 2333 2362 2403 2461 2475 2532 2625 2661 2986 3023 3067 3075 3087 3113 3154 3337 3449 3520 3521 3553 3619 3629 3692 3704 3717 3805 3811 3960 3970 4074 4119 4141 4208 4296 4364 4427 4962 4985 5005 5011 5038 5048 5052 5053 5067 5069 5094 5106 5130 5136 5171 5175 5188 5196 5199 5220 5225 5241 5252 5255 5256 5267 5288 5296 
	}
	weather={
		period={
			between={ 0.0 30.11 }
			temperature={ 0.0 8.0 }
			no_phenomenon=0.000
			rain_light=0.000
			rain_heavy=0.000
			snow=0.000
			blizzard=0.000
			arctic_water=0.000
			mud=1.000
			sandstorm=0.000
			min_snow_level=0.000
		}
	}
}
