strategic_region={
	id=71
	name="STRATEGICREGION_71"
	provinces={
		73 260 278 283 302 337 377 426 474 542 781 813 1020 1047 1067 1105 1181 1277 1303 1341 1348 1458 1526 1674 1715 1875 1938 1959 2016 2023 2119 2127 2195 2198 2315 2436 2515 2561 2600 2669 2679 2710 2786 2829 3008 3209 3224 3275 3326 3329 3330 3415 3569 3609 3644 3719 3739 3753 3804 3808 3827 3878 3928 3929 3959 3990 4024 4028 4078 4085 4144 4150 4197 4253 4272 4276 4293 4314 4340 4400 4428 4792 4803 4808 4817 4826 4838 4844 4847 4848 4849 4851 4859 4860 4863 4864 4871 4873 4878 4880 4888 4889 4896 4900 4901 4903 4905 4906 4911 4912 4917 4919 4926 4929 4932 4936 4937 4941 4944 4946 4947 4948 4956 4957 4958 4961 4964 4970 4976 4988 4995 4998 5001 5019 5024 5031 5056 5063 5079 
	}
	weather={
		period={
			between={ 0.0 30.11 }
			temperature={ 18.0 30.0 }
			no_phenomenon=0.800
			rain_light=0.000
			rain_heavy=0.000
			snow=0.000
			blizzard=0.000
			arctic_water=0.000
			mud=0.000
			sandstorm=0.200
			min_snow_level=0.000
		}
	}
}
