strategic_region={
	id=72
	name="STRATEGICREGION_72"
	provinces={
		14 170 193 216 457 461 492 552 599 625 657 688 702 829 853 889 1088 1092 1094 1180 1193 1217 1238 1271 1288 1299 1308 1342 1353 1445 1503 1534 1564 1578 1588 1655 1696 1728 1819 1840 1858 1860 1889 1939 1946 1984 1995 1996 2066 2082 2094 2126 2131 2137 2165 2209 2261 2269 2286 2305 2317 2325 2349 2350 2358 2372 2396 2404 2418 2560 2612 2647 2654 2706 2736 2739 2776 2791 2826 2880 2897 2947 2951 2960 2997 3029 3076 3078 3139 3166 3172 3206 3284 3294 3302 3319 3331 3377 3400 3455 3464 3465 3535 3550 3587 3592 3635 3666 3700 3714 3767 3837 3864 3868 3874 3889 3967 4004 4010 4014 4076 4088 4113 4138 4258 4286 4299 4319 4324 4354 4362 4363 4424 4431 4432 4876 4909 4933 4974 4984 4991 4996 4999 5008 5009 5014 5020 5028 5032 5034 5042 5044 5047 5058 5059 5061 5064 5065 5071 5074 5075 5077 5078 5082 5085 5088 5090 5091 5098 5100 5103 5104 5107 5108 5109 5113 5119 5120 5121 5129 5131 5132 5137 5140 5142 5150 5151 5152 5153 5156 5157 5162 5163 5165 5169 5181 5182 5184 5190 5191 5194 5195 5201 5203 5231 5243 5246 5247 5263 
	}
	weather={
		period={
			between={ 0.0 30.11 }
			temperature={ 15.0 35.0 }
			no_phenomenon=0.300
			rain_light=0.000
			rain_heavy=0.000
			snow=0.000
			blizzard=0.000
			arctic_water=0.000
			mud=0.000
			sandstorm=0.700
			min_snow_level=0.000
		}
	}
}
