strategic_region={
	id=73
	name="STRATEGICREGION_73"
	provinces={
		88 188 245 257 276 387 388 538 594 606 650 664 682 831 839 845 848 1046 1110 1128 1196 1357 1372 1455 1569 1607 1681 1692 1836 1872 1883 2329 2444 2550 2563 2568 2731 2939 2952 3021 3046 3080 3097 3136 3230 3405 3427 3462 3621 3672 3684 3881 3942 4015 4023 4035 4069 4114 4166 4184 4224 4337 4355 4781 4787 4858 4866 4913 4915 4952 4959 4975 4978 4981 4990 5000 5003 5012 5017 5022 5027 5036 5039 5046 5054 5070 5095 5097 5111 7952 
	}
	weather={
		period={
			between={ 0.0 30.11 }
			temperature={ 3.0 18.0 }
			no_phenomenon=0.700
			rain_light=0.200
			rain_heavy=0.000
			snow=0.100
			blizzard=0.000
			arctic_water=0.000
			mud=0.000
			sandstorm=0.200
			min_snow_level=0.000
		}
	}
}
