strategic_region={
	id=74
	name="STRATEGICREGION_74"
	provinces={
		3 7 11 92 121 371 747 798 815 868 982 1197 1366 1392 1451 1475 1509 1638 1731 1738 1807 1825 1868 1891 1942 1977 1983 2012 2045 2052 2113 2121 2128 2169 2182 2197 2223 2224 2267 2337 2422 2520 2533 2580 2604 2646 2652 2742 2831 2834 2838 2920 2968 2971 3095 3177 3196 3328 3351 3497 3560 3573 3601 3643 3674 3846 4080 4227 4317 4751 4763 4809 4819 4821 4825 4829 4830 4831 4856 4867 4877 4881 4884 4925 4979 5004 5010 5018 5043 5076 5101 5102 
	}
	weather={
		period={
			between={ 0.0 30.11 }
			temperature={ 18.0 26.0 }
			no_phenomenon=0.700
			rain_light=0.100
			rain_heavy=0.000
			snow=0.000
			blizzard=0.000
			arctic_water=0.000
			mud=0.000
			sandstorm=0.200
			min_snow_level=0.000
		}
	}
}
