strategic_region={
	id=75
	name="STRATEGICREGION_75"
	provinces={
		6 62 150 165 238 310 332 443 502 596 616 629 647 758 785 923 998 1010 1012 1018 1104 1109 1122 1144 1179 1207 1221 1223 1310 1340 1385 1497 1516 1631 1651 1678 1750 1903 1929 1940 1987 2025 2080 2095 2135 2140 2210 2430 2480 2502 2637 2817 2828 2882 2988 2996 3093 3105 3125 3158 3165 3169 3219 3266 3291 3356 3412 3549 3625 3685 3732 3734 3774 3784 3905 3949 3962 3966 4029 4043 4145 4245 4328 4375 4443 4444 4448 4455 4457 4461 4462 4467 4473 4475 4479 4484 4487 4490 4492 4497 4500 4507 4510 4522 4534 4542 4549 4568 4573 4575 4582 4583 4587 4588 4592 4595 4604 4607 4633 
	}
	weather={
		period={
			between={ 0.0 30.11 }
			temperature={ 13.0 25.0 }
			no_phenomenon=0.750
			rain_light=0.050
			rain_heavy=0.000
			snow=0.000
			blizzard=0.000
			arctic_water=0.000
			mud=0.000
			sandstorm=0.200
			min_snow_level=0.000
		}
	}
}
