strategic_region={
	id=76
	name="STRATEGICREGION_76"
	provinces={
		72 91 115 120 137 152 185 224 265 382 383 411 437 473 484 559 588 613 615 739 795 844 846 866 891 916 946 995 1025 1031 1258 1331 1345 1358 1371 1421 1431 1468 1633 1671 1686 1736 1779 1854 2013 2020 2152 2154 2164 2168 2176 2179 2253 2328 2335 2341 2346 2355 2360 2361 2400 2490 2548 2596 2666 2734 2749 2835 2857 2946 3000 3036 3064 3073 3227 3272 3288 3290 3327 3375 3448 3504 3523 3527 3566 3604 3638 3747 3787 3798 3899 3911 3975 4060 4070 4096 4098 4120 4374 4854 4898 4935 4945 4953 4960 4968 4971 4977 4987 4992 5007 5026 5030 5050 5055 5068 5081 5089 5099 5118 5122 5128 5138 5139 5145 5154 5155 5179 5205 5208 5229 5237 
	}
	weather={
		period={
			between={ 0.0 30.11 }
			temperature={ 25.0 38.0 }
			no_phenomenon=0.400
			rain_light=0.000
			rain_heavy=0.000
			snow=0.000
			blizzard=0.000
			arctic_water=0.000
			mud=0.000
			sandstorm=0.600
			min_snow_level=0.000
		}
	}
}
