strategic_region={
	id=77
	name="STRATEGICREGION_77"
	provinces={
		75 106 158 177 275 330 356 421 570 645 683 692 800 908 1022 1127 1482 1529 1641 1644 1703 1849 2040 2086 2173 2227 2290 2353 2414 2415 2457 2539 2569 2674 2694 2708 2758 2833 2914 2953 2984 3042 3100 3214 3232 3295 3357 3396 3492 3509 3579 3618 3631 3706 3712 3795 3981 4062 4084 4108 4263 4329 4914 4927 4928 4951 4972 4989 5002 5021 5037 5045 5060 5066 5072 5073 5125 5147 5158 5186 5213 7957 
	}
	weather={
		period={
			between={ 0.0 30.11 }
			temperature={ 12.0 26.0 }
			no_phenomenon=0.650
			rain_light=0.250
			rain_heavy=0.100
			snow=0.000
			blizzard=0.000
			arctic_water=0.000
			mud=0.000
			sandstorm=0.000
			min_snow_level=0.000
		}
	}
}
