strategic_region={
	id=83
	name="STRATEGICREGION_83"
	provinces={
		172 581 726 734 948 955 1038 1315 1344 1363 1380 1420 1640 1650 1833 1878 1931 2019 2319 2371 2389 2538 2542 2784 3048 3091 3143 3225 3274 3354 3581 4057 4107 4132 4277 4719 4720 4737 4747 4770 4774 4779 4780 4798 4812 4818 4840 4841 4846 4852 4857 4934 4938 4950 4965 4966 6488 6489 6490 6491 6492 6493 6494 6495 6496 6497 6498 6499 6500 6501 6502 6503 6504 6505 6506 6507 6508 6509 6510 6511 6512 6514 6515 6516 6517 6518 6519 6520 6521 6522 6523 6524 6525 6526 6528 6529 6530 6967 7155 7158 7228 7386 7523 7576 7598 7619 7624 7646 7738 7760 7818 7821 7824 
	}
	weather={
		period={
			between={ 0.0 30.11 }
			temperature={ 4.0 14.0 }
			no_phenomenon=0.000
			rain_light=0.990
			rain_heavy=0.000
			snow=0.000
			blizzard=0.000
			arctic_water=0.000
			mud=0.010
			sandstorm=0.000
			min_snow_level=0.000
		}
	}
}
