strategic_region={
	id=88
	name="STRATEGICREGION_88"
	provinces={
		648 823 878 973 981 1000 1051 1159 1306 1351 1915 1960 2108 2109 2114 2203 2445 2503 2585 2698 2922 2995 3053 3131 3193 3250 3421 3476 3691 3726 3770 3919 4092 4289 4334 4392 4425 5087 5093 5096 5114 5117 5124 5126 5133 5160 5166 5170 5172 5173 5176 5200 5206 5221 5238 5257 5271 5278 
	}
	weather={
		period={
			between={ 0.0 30.11 }
			temperature={ 15.0 23.0 }
			no_phenomenon=0.750
			rain_light=0.000
			rain_heavy=0.000
			snow=0.000
			blizzard=0.000
			arctic_water=0.000
			mud=0.000
			sandstorm=0.250
			min_snow_level=0.000
		}
	}
}
