strategic_region={
	id=92
	name="STRATEGICREGION_92"
	provinces={
		191 313 344 536 548 732 967 968 1068 1087 1141 1248 1425 1484 1505 1697 1768 1773 1865 1928 1930 1945 1974 1981 2061 2087 2093 2237 2263 2528 2639 2872 3007 3156 3180 3191 3240 3242 3260 3309 3318 3707 3760 3863 3883 3926 3999 4266 4315 4346 5115 5127 5134 5135 5141 5149 5167 5174 5180 5202 5204 5209 5210 5215 5218 5222 5226 5227 5228 5233 5235 5236 5240 5244 5258 5260 5269 5272 5299 5306 5308 5312 5324 
	}
	weather={
		period={
			between={ 0.0 30.11 }
			temperature={ 15.0 23.0 }
			no_phenomenon=0.800
			rain_light=0.200
			rain_heavy=0.000
			snow=0.000
			blizzard=0.000
			arctic_water=0.000
			mud=0.000
			sandstorm=0.000
			min_snow_level=0.000
		}
	}
}
