strategic_region={
	id=94
	name="STRATEGICREGION_94"
	provinces={
		66 80 110 151 228 423 481 674 780 867 980 984 1106 1194 1524 1538 1575 1625 1723 1916 2004 2009 2110 2259 2282 2303 2364 2478 2482 2484 2537 2570 2677 2726 2861 2923 3130 3183 3226 3248 3310 3384 3385 3386 3468 3495 3559 3664 3851 4050 4056 4169 4187 4231 4237 4238 4342 5374 5385 5396 5464 5465 5483 5486 5517 5534 5551 5559 5567 5595 5597 5603 5638 5654 
	}
	weather={
		period={
			between={ 0.0 30.11 }
			temperature={ 24.0 32.0 }
			no_phenomenon=0.100
			rain_light=0.000
			rain_heavy=0.000
			snow=0.000
			blizzard=0.000
			arctic_water=0.000
			mud=0.000
			sandstorm=0.900
			min_snow_level=0.000
		}
	}
}
